0.000000 -1.598259
0.001000 2.331567
0.002000 -4.399171
0.003000 -0.114417
0.004000 0.858989
0.005000 0.389000
0.006000 -3.023275
0.007000 -0.734607
0.008000 0.651857
0.009000 -2.931922
0.010000 1.967282
0.011000 1.481184
0.012000 -0.625914
0.013000 1.776011
0.014000 1.466913
0.015000 -0.990461
0.016000 -5.735579
0.017000 0.178656
0.018000 -0.715259
0.019000 -0.575902
0.020000 2.732747
0.021000 -2.704620
0.022000 -1.769243
0.023000 3.813265
0.024000 1.560356
0.025000 -0.063291
0.026000 -0.285611
0.027000 -0.975589
0.028000 1.099319
0.029000 -0.011911
0.030000 2.769231
0.031000 5.095414
0.032000 2.213534
0.033000 -1.556595
0.034000 -0.511680
0.035000 3.605664
0.036000 0.004288
0.037000 0.376061
0.038000 -4.471361
0.039000 2.736708
0.040000 0.765361
0.041000 1.117766
0.042000 -0.052009
0.043000 0.831627
0.044000 1.470082
0.045000 3.154210
0.046000 -1.303391
0.047000 -0.946876
0.048000 4.342168
0.049000 4.753458
0.050000 0.087987
0.051000 1.016864
0.052000 -2.790953
0.053000 2.755012
0.054000 2.684914
0.055000 -1.738825
0.056000 0.618685
0.057000 2.165762
0.058000 3.391792
0.059000 0.209637
0.060000 -0.025152
0.061000 0.339113
0.062000 -0.404881
0.063000 1.445835
0.064000 2.188714
0.065000 -0.519064
0.066000 -0.579856
0.067000 2.561962
0.068000 0.846835
0.069000 4.408929
0.070000 -0.709413
0.071000 1.250700
0.072000 1.705741
0.073000 2.017652
0.074000 -2.303084
0.075000 -0.643472
0.076000 0.315688
0.077000 1.393122
0.078000 -3.327947
0.079000 -1.956509
0.080000 -0.804563
0.081000 2.514553
0.082000 -0.366155
0.083000 2.487020
0.084000 1.413925
0.085000 3.214561
0.086000 -1.326022
0.087000 1.081558
0.088000 2.622787
0.089000 -1.203957
0.090000 -1.084887
0.091000 -1.270184
0.092000 2.464574
0.093000 -0.425796
0.094000 -0.430490
0.095000 1.770113
0.096000 -1.238034
0.097000 -0.486062
0.098000 -1.205240
0.099000 2.876092
0.100000 4.332797
0.101000 -2.808950
0.102000 0.138677
0.103000 -1.879804
0.104000 1.742829
0.105000 1.360704
0.106000 3.722311
0.107000 -1.406807
0.108000 0.331279
0.109000 -1.494699
0.110000 -2.760758
0.111000 -0.461405
0.112000 -0.814886
0.113000 -1.217054
0.114000 1.138982
0.115000 -6.244367
0.116000 -1.345231
0.117000 1.137954
0.118000 0.121477
0.119000 -1.851368
0.120000 -1.941177
0.121000 -0.416722
0.122000 -1.412569
0.123000 -3.878725
0.124000 1.581741
0.125000 -1.891374
0.126000 -4.790016
0.127000 -0.725926
0.128000 3.304615
0.129000 -0.432609
0.130000 -4.098198
0.131000 -2.834127
0.132000 -0.846491
0.133000 2.410119
0.134000 2.309268
0.135000 -1.274342
0.136000 -0.062322
0.137000 -3.147828
0.138000 -5.203213
0.139000 -2.778593
0.140000 -0.030652
0.141000 -6.659753
0.142000 -3.391684
0.143000 -5.124799
0.144000 -4.121680
0.145000 -2.042768
0.146000 0.423108
0.147000 -3.349891
0.148000 -0.126000
0.149000 -3.209196
0.150000 -1.795943
0.151000 -4.839291
0.152000 -3.523824
0.153000 -1.318865
0.154000 -1.857705
0.155000 -3.596004
0.156000 1.543752
0.157000 -2.461115
0.158000 -1.633185
0.159000 -2.923896
0.160000 0.027045
0.161000 -1.747359
0.162000 -0.766059
0.163000 -0.707783
0.164000 -2.416460
0.165000 -1.099644
0.166000 -1.993125
0.167000 -2.867389
0.168000 1.184627
0.169000 -2.654069
0.170000 0.327198
0.171000 -0.733239
0.172000 -1.350841
0.173000 2.448489
0.174000 -1.827236
0.175000 -4.052489
0.176000 1.948920
0.177000 -2.719637
0.178000 3.572952
0.179000 0.234733
0.180000 -2.421883
0.181000 1.487430
0.182000 0.775470
0.183000 -0.225411
0.184000 3.957551
0.185000 -2.505798
0.186000 -0.932201
0.187000 2.470983
0.188000 -0.892534
0.189000 -0.437291
0.190000 1.123318
0.191000 1.239956
0.192000 4.100961
0.193000 -1.970205
0.194000 3.689997
0.195000 1.502424
0.196000 -0.613588
0.197000 -0.294357
0.198000 -1.039869
0.199000 -0.102371
0.200000 0.053188
0.201000 1.398629
0.202000 0.674096
0.203000 1.636966
0.204000 -0.443710
0.205000 0.272851
0.206000 -1.560791
0.207000 0.409086
0.208000 1.096311
0.209000 -1.199403
0.210000 -2.237283
0.211000 1.484684
0.212000 2.029176
0.213000 -0.005580
0.214000 0.818562
0.215000 1.630829
0.216000 1.523744
0.217000 -1.910723
0.218000 -2.204691
0.219000 -1.652036
0.220000 -1.306655
0.221000 4.097088
0.222000 2.587288
0.223000 0.708779
0.224000 0.173410
0.225000 2.128351
0.226000 1.308701
0.227000 3.038858
0.228000 -2.116106
0.229000 0.847320
0.230000 3.990198
0.231000 2.593683
0.232000 2.158025
0.233000 1.807564
0.234000 3.228483
0.235000 0.355787
0.236000 1.420928
0.237000 2.363400
0.238000 -1.810982
0.239000 0.409756
0.240000 0.404915
0.241000 2.438222
0.242000 -0.644830
0.243000 -0.762244
0.244000 1.840596
0.245000 0.866023
0.246000 -0.018689
0.247000 0.148172
0.248000 2.348451
0.249000 2.018746
0.250000 0.843066
0.251000 2.514585
0.252000 3.688226
0.253000 1.466691
0.254000 0.993756
0.255000 -1.297678
0.256000 1.076993
0.257000 1.943636
0.258000 0.855989
0.259000 0.419915
0.260000 0.652591
0.261000 -0.768197
0.262000 2.224630
0.263000 1.747883
0.264000 1.174973
0.265000 3.855562
0.266000 2.191772
0.267000 -2.029147
0.268000 2.019628
0.269000 1.970753
0.270000 1.274624
0.271000 0.140636
0.272000 2.056442
0.273000 1.773912
0.274000 0.929007
0.275000 3.673180
0.276000 0.121712
0.277000 -1.686090
0.278000 -0.118556
0.279000 1.313785
0.280000 1.061174
0.281000 2.184806
0.282000 -1.608364
0.283000 -0.785742
0.284000 1.122392
0.285000 2.392730
0.286000 1.523624
0.287000 -4.345228
0.288000 -3.611213
0.289000 0.279689
0.290000 1.472674
0.291000 1.669012
0.292000 2.310810
0.293000 0.533963
0.294000 -1.613161
0.295000 -1.430918
0.296000 0.113253
0.297000 0.402074
0.298000 -0.490064
0.299000 1.564173
0.300000 -0.065190
0.301000 0.014710
0.302000 -0.985553
0.303000 1.217420
0.304000 -4.154791
0.305000 3.430444
0.306000 -1.171373
0.307000 -0.732078
0.308000 3.383850
0.309000 2.226581
0.310000 -1.697097
0.311000 -1.172304
0.312000 -0.700647
0.313000 -0.759132
0.314000 -1.332850
0.315000 -2.539346
0.316000 0.190297
0.317000 -1.880711
0.318000 -0.655063
0.319000 0.394871
0.320000 0.211432
0.321000 2.642940
0.322000 -0.923428
0.323000 -3.613878
0.324000 -0.049401
0.325000 0.048643
0.326000 -3.927966
0.327000 0.210115
0.328000 0.684007
0.329000 -2.202791
0.330000 -1.126417
0.331000 0.230263
0.332000 -1.861693
0.333000 -4.246436
0.334000 -0.434946
0.335000 0.835705
0.336000 1.525222
0.337000 -0.879840
0.338000 -0.768451
0.339000 -0.492599
0.340000 0.078263
0.341000 -0.031945
0.342000 -1.258321
0.343000 0.370811
0.344000 -2.013090
0.345000 -0.035888
0.346000 -2.940692
0.347000 -1.024685
0.348000 2.499471
0.349000 -2.256394
0.350000 -4.491661
0.351000 0.003434
0.352000 1.886150
0.353000 -3.749805
0.354000 -1.357186
0.355000 -1.556247
0.356000 -1.789537
0.357000 -3.009472
0.358000 -4.858332
0.359000 -2.151630
0.360000 1.896595
0.361000 -2.623651
0.362000 -2.556255
0.363000 -0.768539
0.364000 1.859639
0.365000 0.570186
0.366000 -3.220695
0.367000 -0.858145
0.368000 -0.841852
0.369000 3.706378
0.370000 1.219116
0.371000 3.163576
0.372000 -4.368735
0.373000 0.119373
0.374000 -0.765155
0.375000 1.728219
0.376000 -1.140011
0.377000 1.458589
0.378000 -1.470527
0.379000 -0.755628
0.380000 -2.672500
0.381000 1.222483
0.382000 -2.540414
0.383000 -2.058282
0.384000 3.178983
0.385000 3.024462
0.386000 0.494543
0.387000 -2.471166
0.388000 1.229875
0.389000 2.877062
0.390000 -0.208999
0.391000 -0.383610
0.392000 -3.478429
0.393000 -1.122729
0.394000 0.159930
0.395000 -2.064899
0.396000 1.289105
0.397000 1.749725
0.398000 0.584792
0.399000 -2.183870
0.400000 -3.694996
0.401000 -0.656867
0.402000 -0.940765
0.403000 2.113766
0.404000 5.343840
0.405000 -0.087433
0.406000 -0.575682
0.407000 -1.005824
0.408000 1.016764
0.409000 0.249741
0.410000 -1.148695
0.411000 -0.232305
0.412000 -1.254598
0.413000 0.320491
0.414000 0.121341
0.415000 -1.997225
0.416000 0.051445
0.417000 0.840258
0.418000 0.678624
0.419000 1.583717
0.420000 -1.323988
0.421000 1.145445
0.422000 -0.589129
0.423000 -1.877789
0.424000 -0.294746
0.425000 1.793667
0.426000 -2.803227
0.427000 0.300945
0.428000 -1.714299
0.429000 2.965083
0.430000 0.034072
0.431000 -1.116888
0.432000 -2.227698
0.433000 -2.513999
0.434000 5.209306
0.435000 0.619677
0.436000 3.606200
0.437000 1.732369
0.438000 3.950210
0.439000 -3.636618
0.440000 1.273223
0.441000 0.302845
0.442000 2.526648
0.443000 1.105273
0.444000 0.204331
0.445000 -0.591621
0.446000 -0.090160
0.447000 4.428869
0.448000 0.972715
0.449000 1.357047
0.450000 -1.417713
0.451000 -0.670769
0.452000 -0.396076
0.453000 -3.614672
0.454000 3.137799
0.455000 2.878099
0.456000 -0.799720
0.457000 3.944334
0.458000 -1.197732
0.459000 -2.948316
0.460000 4.101609
0.461000 1.272312
0.462000 5.545633
0.463000 -0.835419
0.464000 -0.313503
0.465000 1.032912
0.466000 4.505862
0.467000 -2.448199
0.468000 0.807833
0.469000 1.233082
0.470000 1.151190
0.471000 -1.807040
0.472000 3.474181
0.473000 1.101109
0.474000 1.195733
0.475000 2.352758
0.476000 -1.407991
0.477000 -3.256007
0.478000 -2.560553
0.479000 3.547463
0.480000 -0.322445
0.481000 -1.604577
0.482000 3.373346
0.483000 -1.542849
0.484000 0.265534
0.485000 -0.980211
0.486000 0.105642
0.487000 2.239666
0.488000 1.630639
0.489000 2.085114
0.490000 -0.795832
0.491000 5.232803
0.492000 -3.404032
0.493000 1.138312
0.494000 -1.025642
0.495000 2.549084
0.496000 0.749367
0.497000 -2.080074
0.498000 0.509385
0.499000 3.735063
0.500000 0.599606
0.501000 -0.493588
0.502000 2.507931
0.503000 1.525951
0.504000 2.319114
0.505000 1.477926
0.506000 -0.162278
0.507000 -1.096621
0.508000 -0.217190
0.509000 -0.826720
0.510000 2.386777
0.511000 -0.340140
0.512000 -2.705739
0.513000 -4.526812
0.514000 1.726136
0.515000 1.296311
0.516000 -1.072015
0.517000 0.165995
0.518000 -4.616059
0.519000 -5.407447
0.520000 -3.407919
0.521000 -2.405373
0.522000 2.047068
0.523000 -0.691614
0.524000 -1.419978
0.525000 0.580105
0.526000 -0.212217
0.527000 -1.309590
0.528000 -0.552648
0.529000 -2.025234
0.530000 -3.168788
0.531000 -2.810370
0.532000 -0.079436
0.533000 1.411596
0.534000 -1.413844
0.535000 1.421231
0.536000 -2.061470
0.537000 -2.740996
0.538000 1.144320
0.539000 0.342404
0.540000 -2.983406
0.541000 -3.447836
0.542000 -3.164103
0.543000 -1.980082
0.544000 3.565927
0.545000 3.474236
0.546000 -0.673116
0.547000 -1.203823
0.548000 -0.852630
0.549000 -2.623696
0.550000 -1.198942
0.551000 -0.098819
0.552000 -0.143262
0.553000 -3.188473
0.554000 -1.105606
0.555000 0.892088
0.556000 -2.294225
0.557000 2.467716
0.558000 1.008633
0.559000 1.744985
0.560000 0.517742
0.561000 -2.744194
0.562000 -1.889961
0.563000 -2.404410
0.564000 0.109707
0.565000 -2.334715
0.566000 -1.823175
0.567000 -0.446476
0.568000 0.645255
0.569000 1.302673
0.570000 -1.519290
0.571000 0.892859
0.572000 -1.262174
0.573000 -0.961223
0.574000 0.605988
0.575000 -0.764589
0.576000 -1.526399
0.577000 0.347453
0.578000 2.071591
0.579000 -0.452900
0.580000 -1.012289
0.581000 1.104441
0.582000 -1.340397
0.583000 1.052292
0.584000 -0.854815
0.585000 -0.087473
0.586000 -1.439911
0.587000 -0.999306
0.588000 1.587330
0.589000 -1.756282
0.590000 1.873706
0.591000 -1.127343
0.592000 2.378314
0.593000 -1.558091
0.594000 -2.955627
0.595000 -0.729456
0.596000 -3.187921
0.597000 1.640948
0.598000 -1.996372
0.599000 -3.402689
0.600000 2.833535
0.601000 0.018741
0.602000 0.043604
0.603000 1.411238
0.604000 -1.005069
0.605000 2.923489
0.606000 -0.535650
0.607000 -0.565130
0.608000 2.139509
0.609000 -2.465360
0.610000 -2.840477
0.611000 3.700303
0.612000 -0.191650
0.613000 -1.569652
0.614000 3.930851
0.615000 -2.703225
0.616000 0.407405
0.617000 2.924093
0.618000 0.069364
0.619000 -1.022778
0.620000 2.544820
0.621000 5.060332
0.622000 -1.008364
0.623000 1.352950
0.624000 0.145663
0.625000 1.102032
0.626000 -0.456337
0.627000 -1.228318
0.628000 1.334530
0.629000 -0.313248
0.630000 -0.966291
0.631000 0.422348
0.632000 -1.896219
0.633000 2.933228
0.634000 -3.218066
0.635000 2.959815
0.636000 -0.969071
0.637000 0.385078
0.638000 1.446666
0.639000 3.649532
0.640000 0.883320
0.641000 -1.943056
0.642000 1.033797
0.643000 1.283464
0.644000 0.119483
0.645000 -0.216257
0.646000 0.305492
0.647000 -0.264285
0.648000 -2.147590
0.649000 2.503003
0.650000 5.804606
0.651000 4.558056
0.652000 1.685599
0.653000 2.960789
0.654000 0.396210
0.655000 0.069582
0.656000 -0.495601
0.657000 1.767903
0.658000 -4.246947
0.659000 0.681353
0.660000 1.836694
0.661000 3.411685
0.662000 5.048854
0.663000 1.653186
0.664000 0.784579
0.665000 1.605399
0.666000 -2.408848
0.667000 -0.306829
0.668000 1.101837
0.669000 1.682746
0.670000 1.340998
0.671000 1.343385
0.672000 0.172607
0.673000 -0.578750
0.674000 1.218042
0.675000 -1.663798
0.676000 0.202194
0.677000 1.675889
0.678000 -0.130702
0.679000 1.694716
0.680000 0.591939
0.681000 1.894240
0.682000 3.383441
0.683000 -0.705478
0.684000 -1.547954
0.685000 -1.044493
0.686000 -1.021620
0.687000 1.957094
0.688000 -1.039812
0.689000 0.549261
0.690000 1.196612
0.691000 1.908457
0.692000 2.010592
0.693000 -0.414734
0.694000 3.800769
0.695000 1.501251
0.696000 0.148296
0.697000 1.615118
0.698000 -3.015852
0.699000 0.366700
0.700000 0.504330
0.701000 0.485131
0.702000 -2.029882
0.703000 2.560987
0.704000 0.179208
0.705000 -1.578576
0.706000 3.158140
0.707000 -1.690648
0.708000 -2.765995
0.709000 -0.895339
0.710000 3.272304
0.711000 0.552974
0.712000 -0.002056
0.713000 -2.677576
0.714000 -1.047848
0.715000 -0.546469
0.716000 1.056207
0.717000 -0.102326
0.718000 3.776441
0.719000 0.034073
0.720000 -0.601895
0.721000 -0.287070
0.722000 -0.880234
0.723000 0.353638
0.724000 3.471931
0.725000 -0.467018
0.726000 1.945688
0.727000 -1.605702
0.728000 -1.957181
0.729000 -3.552633
0.730000 3.394419
0.731000 -2.708589
0.732000 -4.044365
0.733000 -2.062553
0.734000 -5.527365
0.735000 1.535327
0.736000 -4.347533
0.737000 -0.005436
0.738000 -0.486932
0.739000 2.947505
0.740000 -3.096381
0.741000 0.515857
0.742000 -4.957401
0.743000 -3.214755
0.744000 -1.034143
0.745000 -1.205338
0.746000 -0.364228
0.747000 3.627637
0.748000 -0.624874
0.749000 -3.566547
0.750000 -2.826311
0.751000 -0.239906
0.752000 -1.507238
0.753000 -0.611620
0.754000 -2.520608
0.755000 -0.909170
0.756000 -0.602549
0.757000 -1.493228
0.758000 0.449417
0.759000 -1.257682
0.760000 1.022767
0.761000 -0.834634
0.762000 -2.469952
0.763000 -1.219481
0.764000 0.056708
0.765000 0.699664
0.766000 -3.976818
0.767000 2.390127
0.768000 -3.648509
0.769000 -0.521342
0.770000 -2.936572
0.771000 -3.160423
0.772000 -1.189847
0.773000 -0.783374
0.774000 -1.948151
0.775000 -5.470892
0.776000 -2.271207
0.777000 1.145867
0.778000 -3.110661
0.779000 1.152417
0.780000 -0.722104
0.781000 -0.224116
0.782000 -2.138402
0.783000 -1.964896
0.784000 -4.302460
0.785000 -4.334638
0.786000 -3.150127
0.787000 1.790990
0.788000 -1.822119
0.789000 -2.681423
0.790000 1.730989
0.791000 -0.969985
0.792000 -1.816541
0.793000 -1.346613
0.794000 1.011032
0.795000 2.581216
0.796000 -1.862136
0.797000 -0.510138
0.798000 5.091253
0.799000 0.007414
0.800000 1.290418
0.801000 0.752970
0.802000 -1.938675
0.803000 -1.602483
0.804000 1.193014
0.805000 -0.110338
0.806000 4.092978
0.807000 -0.375723
0.808000 2.077577
0.809000 -0.771643
0.810000 0.646583
0.811000 1.993002
0.812000 -0.520537
0.813000 -1.979990
0.814000 0.535802
0.815000 -1.442905
0.816000 0.382298
0.817000 1.392040
0.818000 0.103816
0.819000 1.176012
0.820000 -1.313590
0.821000 -3.029543
0.822000 0.222610
0.823000 4.239489
0.824000 -4.248088
0.825000 2.651424
0.826000 0.242868
0.827000 -1.887595
0.828000 -3.937471
0.829000 1.447929
0.830000 1.688216
0.831000 -1.637705
0.832000 -3.247748
0.833000 0.935393
0.834000 2.339742
0.835000 3.495580
0.836000 0.417926
0.837000 -0.607387
0.838000 -0.479113
0.839000 0.586284
0.840000 0.278103
0.841000 3.962887
0.842000 -0.631330
0.843000 -0.269727
0.844000 0.663110
0.845000 -0.872702
0.846000 0.590172
0.847000 0.118495
0.848000 0.914937
0.849000 0.302946
0.850000 -2.988464
0.851000 2.588586
0.852000 0.480965
0.853000 -0.642603
0.854000 3.583710
0.855000 2.151074
0.856000 2.116828
0.857000 2.242985
0.858000 -2.769926
0.859000 2.177258
0.860000 2.254555
0.861000 1.832639
0.862000 1.435334
0.863000 2.376417
0.864000 1.079194
0.865000 -1.466832
0.866000 -1.042357
0.867000 2.735059
0.868000 2.987423
0.869000 -1.522381
0.870000 2.552670
0.871000 -0.784031
0.872000 -0.090505
0.873000 -2.263254
0.874000 2.266923
0.875000 3.971190
0.876000 0.580177
0.877000 1.790764
0.878000 -0.153008
0.879000 0.017958
0.880000 1.926001
0.881000 0.277914
0.882000 0.678222
0.883000 -3.044838
0.884000 -1.569020
0.885000 -1.348078
0.886000 0.206530
0.887000 -0.887107
0.888000 -2.598415
0.889000 2.565696
0.890000 -0.091446
0.891000 0.879238
0.892000 -1.358849
0.893000 -0.254830
0.894000 1.704037
0.895000 -0.509950
0.896000 1.616155
0.897000 2.465719
0.898000 0.098652
0.899000 -0.447848
0.900000 1.331823
0.901000 -1.744255
0.902000 1.664187
0.903000 -1.062287
0.904000 -3.357560
0.905000 -0.930108
0.906000 -0.375398
0.907000 -0.913330
0.908000 -1.830129
0.909000 2.803590
0.910000 0.818863
0.911000 -1.988432
0.912000 2.581795
0.913000 2.971087
0.914000 0.751833
0.915000 1.245529
0.916000 1.360424
0.917000 -1.122467
0.918000 -0.718307
0.919000 0.280834
0.920000 2.428860
0.921000 -1.563156
0.922000 0.895407
0.923000 -4.133129
0.924000 -0.592576
0.925000 -3.026598
0.926000 0.474153
0.927000 0.682138
0.928000 0.906110
0.929000 -0.762084
0.930000 -0.745671
0.931000 -1.532513
0.932000 -2.563591
0.933000 -3.554385
0.934000 -2.852927
0.935000 -1.311909
0.936000 2.580074
0.937000 0.060092
0.938000 4.909102
0.939000 -0.254796
0.940000 -3.422333
0.941000 0.311696
0.942000 3.155596
0.943000 -3.842502
0.944000 -2.592265
0.945000 -1.598610
0.946000 1.283109
0.947000 -0.684614
0.948000 -1.253331
0.949000 -0.269768
0.950000 -3.403170
0.951000 -3.681775
0.952000 -0.711158
0.953000 -1.549997
0.954000 0.723126
0.955000 -4.002136
0.956000 0.605812
0.957000 -0.918826
0.958000 1.723367
0.959000 -0.877591
0.960000 0.127120
0.961000 1.385291
0.962000 -1.678417
0.963000 -2.060069
0.964000 -1.797935
0.965000 -1.204178
0.966000 -0.632383
0.967000 -5.369028
0.968000 -1.534286
0.969000 1.574348
0.970000 -1.225725
0.971000 0.927854
0.972000 -0.082791
0.973000 -0.205491
0.974000 0.490130
0.975000 -0.603804
0.976000 1.763352
0.977000 -2.572759
0.978000 -1.929627
0.979000 2.533780
0.980000 -1.731375
0.981000 -2.526025
0.982000 -2.289875
0.983000 0.968386
0.984000 1.300432
0.985000 1.109151
0.986000 0.782625
0.987000 1.116296
0.988000 -0.268130
0.989000 -0.769469
0.990000 -2.120322
0.991000 -2.008407
0.992000 -2.625012
0.993000 1.151278
0.994000 -1.057594
0.995000 0.126281
0.996000 0.117098
0.997000 -0.969241
0.998000 1.031794
0.999000 3.050417
